 0.000000 955.914124
 30.000000 956.497986
 60.000000 956.070007
 90.000000 953.254639
 120.000000 949.866943
 150.000000 947.018860
 180.000000 943.385193
 210.000000 938.135742
 240.000000 938.523315
 270.000000 926.017944
 300.000000 907.972839
 330.000000 886.667969
 360.000000 866.983826
 390.000000 850.085083
 420.000000 835.518677
 450.000000 827.648010
 480.000000 826.119995
 510.000000 822.419678
 540.000000 820.054504
 570.000000 816.075867
 600.000000 805.328918
 630.000000 792.169189
 660.000000 777.585632
 690.000000 763.376709
 720.000000 761.027405
 750.000000 744.597839
 780.000000 736.098572
 810.000000 733.703125
 840.000000 733.181396
 870.000000 733.023682
 900.000000 732.135986
 930.000000 731.608398
 960.000000 730.257812
 990.000000 730.349670
 1020.000000 731.329102
 1050.000000 731.766663
 1080.000000 733.692505
 1110.000000 737.549072
 1140.000000 748.316895
 1170.000000 760.202393
 1200.000000 769.379456
 1230.000000 779.817200
 1260.000000 788.237976
 1290.000000 797.292969
 1320.000000 804.564331
 1350.000000 810.064026
 1380.000000 810.706421
 1410.000000 808.294739
 1440.000000 808.294739
 1470.000000 799.858765
 1500.000000 789.452759
 1530.000000 776.722534
 1560.000000 761.636597
 1590.000000 749.185913
 1620.000000 736.470398
 1650.000000 736.425232
 1680.000000 740.105652
 1710.000000 740.333801
 1740.000000 741.370361
 1770.000000 741.607849
 1800.000000 751.780579
 1830.000000 757.304199
 1860.000000 761.827576
 1890.000000 764.883301
 1920.000000 765.707031
 1950.000000 765.811951
 1980.000000 765.212463
 2010.000000 768.672485
 2040.000000 768.892456
 2070.000000 767.040527
 2100.000000 761.436523
 2130.000000 761.007629
 2160.000000 764.184814
 2190.000000 765.714966
 2220.000000 761.249084
 2250.000000 756.394653
 2280.000000 751.581909
 2310.000000 740.356812
 2340.000000 727.769470
 2370.000000 720.385193
 2400.000000 713.902527
 2430.000000 709.118286
 2460.000000 708.389343
 2490.000000 706.775330
 2520.000000 706.201172
 2550.000000 705.916260
 2580.000000 705.675171
 2610.000000 706.003296
 2640.000000 706.099609
 2670.000000 705.386902
 2700.000000 704.797852
 2730.000000 703.322876
 2760.000000 703.158875
 2790.000000 702.094421
 2820.000000 702.526245
 2850.000000 702.528809
 2880.000000 702.609131
 2910.000000 703.256226
 2940.000000 703.399170
 2970.000000 702.823853
