 0.000000 499.368652
 30.000000 493.763031
 60.000000 490.744812
 90.000000 488.631836
 120.000000 489.532440
 150.000000 494.104156
 180.000000 497.203217
 210.000000 499.788727
 240.000000 501.476593
 270.000000 502.321808
 300.000000 502.917297
 330.000000 502.702972
 360.000000 502.884277
 390.000000 503.863922
 420.000000 505.881683
 450.000000 507.511414
 480.000000 507.496033
 510.000000 506.658630
 540.000000 505.770660
 570.000000 505.985321
 600.000000 504.652740
 630.000000 501.215271
 660.000000 498.529755
 690.000000 497.351715
 720.000000 496.265808
 750.000000 495.468689
 780.000000 495.636383
 810.000000 496.479065
 840.000000 496.890106
 870.000000 495.403656
 900.000000 493.816803
 930.000000 491.879150
 960.000000 491.818604
 990.000000 491.391907
 1020.000000 490.733948
 1050.000000 491.294159
 1080.000000 491.908264
 1110.000000 495.181366
 1140.000000 496.463501
 1170.000000 496.155426
 1200.000000 497.878601
 1230.000000 499.921173
 1260.000000 502.416901
 1290.000000 502.644653
 1320.000000 502.384979
 1350.000000 504.073730
 1380.000000 509.052277
 1410.000000 509.141571
 1440.000000 508.391510
 1470.000000 507.991608
 1500.000000 509.139618
 1530.000000 512.298401
 1560.000000 516.187622
 1590.000000 515.406433
 1620.000000 519.322083
 1650.000000 522.482178
 1680.000000 525.032898
 1710.000000 527.544617
 1740.000000 529.580933
 1770.000000 531.456543
 1800.000000 532.204956
 1830.000000 531.563904
 1860.000000 532.985779
 1890.000000 535.416626
 1920.000000 537.474915
 1950.000000 540.056274
 1980.000000 543.024536
 2010.000000 546.599060
 2040.000000 549.184143
 2070.000000 550.642517
 2100.000000 551.021423
 2130.000000 552.347778
 2160.000000 552.742126
 2190.000000 552.581482
 2220.000000 554.536194
 2250.000000 555.807007
 2280.000000 556.639221
 2310.000000 559.554626
 2340.000000 563.942200
 2370.000000 568.586609
 2400.000000 566.926880
 2430.000000 570.092590
 2460.000000 572.951965
 2490.000000 575.552002
 2520.000000 580.278748
 2550.000000 584.344055
 2580.000000 586.922791
 2610.000000 587.745728
 2640.000000 589.211975
 2670.000000 590.242310
 2700.000000 589.969727
 2730.000000 589.878296
 2760.000000 590.550781
 2790.000000 590.888306
 2820.000000 590.114380
 2850.000000 592.019897
 2880.000000 594.121521
 2910.000000 596.671814
 2940.000000 601.844727
 2970.000000 605.479980
 3000.000000 606.871460
