 0.000000 1212.975220
 30.000000 1201.977905
 60.000000 1196.001343
 90.000000 1174.263306
 120.000000 1158.105713
 150.000000 1137.994751
 180.000000 1135.405884
 210.000000 1135.405884
 240.000000 1124.466675
 270.000000 1121.187500
 300.000000 1104.239502
 330.000000 1095.661255
 360.000000 1075.027710
 390.000000 1072.885620
 420.000000 1057.095093
 450.000000 1074.495361
 480.000000 1055.861206
 510.000000 1044.894653
 540.000000 1023.789307
 570.000000 1014.307800
 600.000000 998.917175
 630.000000 993.100220
 660.000000 982.805725
 690.000000 985.460999
 720.000000 976.755554
 750.000000 981.811279
 780.000000 974.083923
 810.000000 963.988464
 840.000000 968.212219
 870.000000 966.668518
 900.000000 964.400024
 930.000000 961.727722
 960.000000 971.709229
 990.000000 973.846680
 1020.000000 979.905762
 1050.000000 974.862732
 1080.000000 977.841919
 1110.000000 972.792603
 1140.000000 973.995422
 1170.000000 973.494568
 1200.000000 975.608948
 1230.000000 974.493164
 1260.000000 976.678711
 1290.000000 981.781006
 1320.000000 994.304626
 1350.000000 1005.836731
 1380.000000 1020.535339
 1410.000000 1035.190796
 1440.000000 1035.190796
 1470.000000 1045.864868
 1500.000000 1051.916748
 1530.000000 1055.477295
 1560.000000 1050.325684
 1590.000000 1051.458252
 1620.000000 1048.846436
 1650.000000 1051.095825
 1680.000000 1048.321045
 1710.000000 1052.509277
 1740.000000 1048.271729
 1770.000000 1051.144165
 1800.000000 1054.259155
 1830.000000 1059.184448
 1860.000000 1058.522583
 1890.000000 1057.201904
 1920.000000 1049.477661
 1950.000000 1051.955933
 1980.000000 1043.537109
 2010.000000 1034.403442
 2040.000000 1031.691650
 2070.000000 1029.613281
 2100.000000 1026.664551
 2130.000000 1021.168274
 2160.000000 1019.987793
 2190.000000 1019.987793
 2220.000000 1021.373291
 2250.000000 1018.237854
 2280.000000 1017.388123
 2310.000000 1015.139526
 2340.000000 1019.488159
 2370.000000 1022.682922
 2400.000000 1024.619507
 2430.000000 1026.250854
 2460.000000 1028.379150
 2490.000000 1031.190918
 2520.000000 1033.336792
 2550.000000 1031.923462
 2580.000000 1029.240356
 2610.000000 1030.158325
 2640.000000 1029.091064
 2670.000000 1029.281250
 2700.000000 1029.281250
 2730.000000 1030.324707
 2760.000000 1030.641357
 2790.000000 1031.671753
 2820.000000 1031.312256
 2850.000000 1032.269653
 2880.000000 1031.598267
 2910.000000 1028.766846
 2940.000000 1026.669434
 2970.000000 1026.054321
