 0.000000 967.837463
 30.000000 964.006897
 60.000000 976.828125
 90.000000 976.828125
 120.000000 984.187988
 150.000000 990.024963
 180.000000 981.229675
 210.000000 984.195068
 240.000000 984.195068
 270.000000 991.863037
 300.000000 995.575134
 330.000000 988.101990
 360.000000 999.463196
 390.000000 999.463196
 420.000000 1003.159607
 450.000000 1007.972046
 480.000000 1003.481873
 510.000000 1021.478699
 540.000000 1032.343384
 570.000000 1021.803467
 600.000000 1029.572876
 630.000000 1019.108459
 660.000000 1038.208496
 690.000000 1047.316040
 720.000000 1035.796387
 750.000000 1038.656860
 780.000000 1026.598999
 810.000000 1047.674194
 840.000000 1060.945435
 870.000000 1043.705444
 900.000000 1052.263916
 930.000000 1071.993164
 960.000000 1050.437622
 990.000000 1054.485352
 1020.000000 1044.468994
 1050.000000 1054.463013
 1080.000000 1070.327637
 1110.000000 1062.803345
 1140.000000 1068.654541
 1170.000000 1077.238525
 1200.000000 1073.161499
 1230.000000 1073.811035
 1260.000000 1081.542114
 1290.000000 1093.652100
 1320.000000 1112.115845
 1350.000000 1129.110962
 1380.000000 1127.903442
 1410.000000 1140.965454
 1440.000000 1147.671997
 1470.000000 1160.508789
 1500.000000 1160.508789
 1530.000000 1172.177246
 1560.000000 1183.940186
 1590.000000 1190.454468
 1620.000000 1196.018433
 1650.000000 1196.018433
 1680.000000 1209.697754
 1710.000000 1218.949707
 1740.000000 1224.545532
 1770.000000 1226.942871
 1800.000000 1226.942871
 1830.000000 1219.297607
 1860.000000 1216.686157
 1890.000000 1226.820312
 1920.000000 1240.963623
 1950.000000 1240.963623
 1980.000000 1251.005737
 2010.000000 1253.906616
 2040.000000 1263.793579
 2070.000000 1260.654785
 2100.000000 1269.512939
 2130.000000 1277.250610
 2160.000000 1282.214233
 2190.000000 1289.687500
 2220.000000 1283.793579
 2250.000000 1288.699219
 2280.000000 1301.889893
 2310.000000 1314.190430
 2340.000000 1322.767578
 2370.000000 1321.796387
 2400.000000 1322.052246
 2430.000000 1325.778564
 2460.000000 1326.593262
 2490.000000 1328.413818
 2520.000000 1328.413818
 2550.000000 1335.068115
 2580.000000 1344.428833
 2610.000000 1350.831299
 2640.000000 1344.324463
 2670.000000 1349.949951
 2700.000000 1349.591309
 2730.000000 1358.550171
 2760.000000 1371.863403
 2790.000000 1374.051025
 2820.000000 1381.742676
 2850.000000 1388.524170
 2880.000000 1393.771729
 2910.000000 1401.535034
 2940.000000 1399.962402
 2970.000000 1409.450562
 3000.000000 1421.535889
