 0.000000 1246.564087
 30.000000 1263.368896
 60.000000 1254.145264
 90.000000 1246.331543
 120.000000 1235.888550
 150.000000 1250.631958
 180.000000 1243.020386
 210.000000 1249.912231
 240.000000 1261.558105
 270.000000 1261.558105
 300.000000 1264.112671
 330.000000 1258.545776
 360.000000 1258.545776
 390.000000 1267.375122
 420.000000 1271.585693
 450.000000 1259.142822
 480.000000 1272.817383
 510.000000 1277.351074
 540.000000 1263.605591
 570.000000 1264.657959
 600.000000 1279.202026
 630.000000 1268.159180
 660.000000 1278.211670
 690.000000 1287.662842
 720.000000 1287.662842
 750.000000 1299.747314
 780.000000 1301.056030
 810.000000 1301.056030
 840.000000 1313.560425
 870.000000 1319.043335
 900.000000 1307.233887
 930.000000 1317.430054
 960.000000 1309.713257
 990.000000 1314.978394
 1020.000000 1313.020996
 1050.000000 1330.789673
 1080.000000 1331.037109
 1110.000000 1319.546509
 1140.000000 1332.812012
 1170.000000 1346.729980
 1200.000000 1335.065430
 1230.000000 1334.388428
 1260.000000 1353.308716
 1290.000000 1352.061401
 1320.000000 1359.854614
 1350.000000 1363.577515
 1380.000000 1363.577515
 1410.000000 1370.958252
 1440.000000 1381.041504
 1470.000000 1372.701782
 1500.000000 1384.403564
 1530.000000 1380.396484
 1560.000000 1371.884644
 1590.000000 1380.127930
 1620.000000 1386.278320
 1650.000000 1379.415283
 1680.000000 1386.550659
 1710.000000 1403.440796
 1740.000000 1412.012939
 1770.000000 1404.380005
 1800.000000 1413.246094
 1830.000000 1429.050171
 1860.000000 1423.166992
 1890.000000 1430.111694
 1920.000000 1431.179932
 1950.000000 1431.179932
 1980.000000 1428.505859
 2010.000000 1441.541626
 2040.000000 1433.240112
 2070.000000 1448.556396
 2100.000000 1455.991455
 2130.000000 1450.410522
 2160.000000 1472.055420
 2190.000000 1485.638916
 2220.000000 1479.999390
 2250.000000 1488.126953
 2280.000000 1501.618408
 2310.000000 1494.250488
 2340.000000 1498.868286
 2370.000000 1496.961060
 2400.000000 1496.961060
 2430.000000 1510.463867
 2460.000000 1520.839966
 2490.000000 1513.989990
 2520.000000 1522.350098
 2550.000000 1524.206665
 2580.000000 1537.181641
 2610.000000 1537.181641
 2640.000000 1548.078857
 2670.000000 1557.681396
 2700.000000 1553.216064
 2730.000000 1564.755859
 2760.000000 1560.275391
 2790.000000 1552.911865
 2820.000000 1565.228149
 2850.000000 1578.396851
 2880.000000 1572.953735
 2910.000000 1577.807007
 2940.000000 1591.441162
 2970.000000 1591.441162
